{
	"tf": 24,
	"ddt": 0.008333333333,
	"mdt": 0.08333333333,
	"para-ratio": 5,
	"para-Tdesired": 70,
	"para-Tmin": 66,
	"para-Tmax": 78,
	"para-power": 4130,
	"para-COP": 10,
	"hr_start": 12,
	"hr_stop": 18,
	"Q_lim": 4000,
	"P_cap": 1,
	"uncontrolled": 0,
	"U_A": 716.4836,
	"C_a": 1.1886e+03,
	"halfband_AC_dn": 2,
	"delta": 0.008333333333

}